682
259 32
87 492
170 223
42 540
163 247
758 368
359 233
920 157
259 32
64 831
188 292
34 158
552 17
841 390
38 57
36 192
141 83
207 471
129 419
532 844
660 488
378 47
14 252
200 607
342 635
910 815
627 437
280 630
439 94
327 97
166 50
1012 349
942 107
31 80
120 194
1 710
287 146
922 15
59 1023
272 1020
10 86
30 91
175 159
96 652
580 92
1000 206
147 981
597 16
3 13
756 156
426 480
111 67
485 840
1014 600
326 173
260 826
24 460
1015 198
345 78
310 753
127 102
246 253
1016 196
967 339
668 678
46 888
577 461
140 70
289 49
812 123
227 629
88 491
661 18
786 311
153 576
670 602
179 858
734 215
478 891
609 573
236 631
494 843
537 560
541 760
894 25
871 103
690 763
388 594
615 699
665 356
501 880
66 972
810 136
694 591
508 319
848 911
267 331
214 504
389 899
837 121
335 764
274 662
237 973
838 475
7 374
562 467
1010 105
547 452
708 323
402 946
490 106
367 524
879 277
723 240
125 353
732 693
620 529
373 697
711 238
187 314
312 706
835 262
317 220
336 542
316 777
655 666
771 139
754 72
642 721
548 295
523 618
507 423
400 975
951 792
716 297
332 645
907 895
116 971
513 643
739 410
590 857
757 582
463 903
58 406
885 333
949 193
510 941
5 648
379 770
846 283
906 33
363 820
730 172
701 263
988 325
177 608
383 528
296 614
663 454
921 150
866 688
1017 61
787 408
301 497
617 440
980 138
749 372
664 290
558 420
442 611
816 306
543 698
833 195
671 887
724 482
605 448
675 798
782 350
337 495
616 441
829 377
579 1009
71 679
250 522
1006 149
731 736
334 963
539 791
814 255
824 309
241 1013
953 144
783 222
244 889
965 95
811 174
623 520
659 320
849 234
162 499
735 264
115 984
968 281
545 450
827 161
725 205
385 512
938 117
908 201
998 62
27 581
128 691
632 595
449 874
680 550
667 606
211 489
868 321
861 99
417 506
742 307
516 266
382 1011
747 254
686 433
707 133
458 892
585 228
674 355
944 225
434 413
436 551
945 224
656 380
526 860
867 315
718 291
535 832
407 354
744 303
52 375
638 991
937 780
364 493
752 351
976 915
472 565
974 132
852 288
395 511
85 893
399 587
411 1001
646 477
219 890
964 689
479 720
647 768
955 104
673 338
502 474
781 429
639 79
190 483
755 997
533 684
464 650
387 393
398 952
68 805
740 322
525 109
641 851
275 599
130 465
743 6
713 538
624 637
401 776
772 443
169
391 519
308 806
432 898
788 928
425 427
823 902
737 1003
728 265
151 481
243 927
546 563
935 185
923 397
859 649
738 203
987 703
81 677
872 901
424 584
1021 357
999 74
496 640
855 924
218 515
518 794
414 712
657 750
914 588
73
384 692
854 847
695 299
813 171
990 936
929 239
544 626
958 557
622 484
113 685
969 717
995 839
864
257 570
536 517
84 418
362 619
12 939
931 709
184
366
41
403
76 415
340
741 98
23
89
784 934
164
957 1008
1018
865 761
168
633
919 26
180
765
445
766
273
759 993
376 994
148 1019
983 242
182
985
503
564 137
248
0
330
917 232
1002 8
256 369
476
11
869
881
850
549
705
554
269
19
681
779
451
152
804 943
613
453
561
358
926
878
845
29
571
135
35
778
916
352
45
197
37
982
416
300
960
235
746
534
304
610
305
444
28
853
830
216
154
956
487
1005
276
221
313
682
65
574
527
181
294
918
696
40
612
572
818
509
925
583
229
896
862
4
722
183
748
486
514
986
676
329
459
596
555
959
954
60
230
751
700
714
75
22
989
204
683
821
1007
789
226
370
948
348
521
1004
933
178
996
775
842
704
119
569
556
394
505
21
39
268
282
124
913
114
285
430
715
412
807
455
44
126
199
54
593
500
795
134
428
961
55
343
802
145
278
769
249
762
672
457
950
801
625
566
803
825
9
346
531
621
155
258
189
298
473
774
601
797
404
947
279
940
568
302
884
589
446
405
112
578
636
870
462
386
790
586
466
371
809
286
992
43
912
293
604
729
53
498
251
530
930
108
210
324
733
966
271
69
344
456
1022
110
469
979
628
796
897
575
653
644
598
186
82
932
856
422
962
447
553
876
817
63
122
909
209
208
213
886
799
284
468
863
328
873
167
270
719
470
176
745
160
654
347
165
882
669
191
793
93
142
877
651
202
341
51
231
767
217
592
118
431
977
100
421
261
658
634
361
438
836
727
785
245
143
365
318
392
603
702
904
687
900
77
2
978
131
381
396
834
101
819
800
212
905
808
56
875
559
970
567
48
435
409
773
883
822
20
828
